   1.5916786e-01
  -1.1538324e-01
   1.4575367e-01
   6.1039893e-02
  -7.2204120e-02
  -1.7665637e-01
  -3.9758929e-02
  -4.7424992e-01
   2.2371535e-01
   1.2020053e-01
  -1.5198815e-01
  -1.8712112e-01
  -1.7129003e-01
  -1.4878131e-01
  -1.8713600e-02
   1.3881836e-01
  -2.6680578e-01
  -6.2574246e-02
   1.8996383e-01
  -1.6500058e-01
   3.7256374e-01
  -4.9317232e-02
  -3.3791562e-02
  -1.4016080e-01
   3.8687841e-02
   4.0777495e-01
  -1.5070874e-01
   3.8443653e-02
  -4.5870551e-01
   1.0004558e-01
  -2.2526444e-01
   7.1557748e-02
  -5.9856351e-02
   1.1852009e-01
  -8.5106907e-02
   2.1924081e-02
   1.2134446e-01
  -6.5001938e-01
  -4.4195120e-01
  -1.6729874e-01
  -2.8704144e-02
  -1.1989421e-01
   1.9383884e-01
  -6.7952870e-02
   7.0142968e-02
   1.5459597e-01
   2.0173259e-01
  -4.4724763e-01
   2.1208516e-01
  -6.1292753e-02
   6.0295784e-02
  -1.4452214e-02
  -4.8027520e-01
   1.2014558e-01
  -7.3360902e-02
   8.4229057e-03
   3.2855458e-02
   2.0038734e-01
   3.4928406e-01
  -5.3083647e-02
   5.7002366e-02
   3.9600444e-01
   1.0791463e-01
   3.9815564e-01
  -3.6237923e-02
   4.1800920e-02
   2.7895196e-01
   1.4778680e-01
  -4.3645582e-02
  -6.0544413e-02
   1.4936981e-01
   1.3272246e-01
   7.4633029e-02
   8.8117478e-02
   8.9755162e-02
   2.6647525e-02
  -5.9015176e-01
   3.1569407e-01
   3.2264594e-01
   1.6956885e-01
   9.7905435e-02
   2.9411420e-01
   3.0714235e-02
  -3.3374154e-02
  -2.1764383e-01
  -6.3698831e-02
  -1.6355873e-01
  -7.0563125e-02
   2.1220856e-01
   7.7878325e-02
  -6.1091530e-02
  -3.4755997e-01
  -8.0421823e-02
  -5.2939482e-01
   6.1780652e-02
   4.3590319e-02
  -1.1752892e-01
  -1.3929532e-01
   4.3753262e-01
  -3.2795811e-01
